16
10
0.024
0.71
1
0

16
10
0.024
0.71
1
2

16
10
0.024
0.71
1
4

16
10
0.024
0.71
1
6

16
10
0.024
0.71
1
8

16
10
0.024
0.71
1
10

16
10
0.024
0.71
1
12

16
10
0.024
0.71
1
14

16
10
0.024
0.71
1
16

16
10
0.024
0.71
1
18

16
10
0.024
0.71
1
20

16
10
0.024
0.71
1
22

16
10
0.024
0.71
1
24

16
11
0.024
0.71
1
0

16
11
0.024
0.71
1
2

16
11
0.024
0.71
1
4

16
11
0.024
0.71
1
6

16
11
0.024
0.71
1
8

16
11
0.024
0.71
1
10

16
11
0.024
0.71
1
12

16
11
0.024
0.71
1
14

16
11
0.024
0.71
1
16

16
11
0.024
0.71
1
18

16
11
0.024
0.71
1
20

16
11
0.024
0.71
1
22

16
11
0.024
0.71
1
24

16
12
0.024
0.71
1
0

16
12
0.024
0.71
1
2

16
12
0.024
0.71
1
4

16
12
0.024
0.71
1
6

16
12
0.024
0.71
1
8

16
12
0.024
0.71
1
10

16
12
0.024
0.71
1
12

16
12
0.024
0.71
1
14

16
12
0.024
0.71
1
16

16
12
0.024
0.71
1
18

16
12
0.024
0.71
1
20

16
12
0.024
0.71
1
22

16
12
0.024
0.71
1
24

16
13
0.024
0.71
1
0

16
13
0.024
0.71
1
2

16
13
0.024
0.71
1
4

16
13
0.024
0.71
1
6

16
13
0.024
0.71
1
8

16
13
0.024
0.71
1
10

16
13
0.024
0.71
1
12

16
13
0.024
0.71
1
14

16
13
0.024
0.71
1
16

16
13
0.024
0.71
1
18

16
13
0.024
0.71
1
20

16
13
0.024
0.71
1
22

16
13
0.024
0.71
1
24

16
14
0.024
0.71
1
0

16
14
0.024
0.71
1
2

16
14
0.024
0.71
1
4

16
14
0.024
0.71
1
6

16
14
0.024
0.71
1
8

16
14
0.024
0.71
1
10

16
14
0.024
0.71
1
12

16
14
0.024
0.71
1
14

16
14
0.024
0.71
1
16

16
14
0.024
0.71
1
18

16
14
0.024
0.71
1
20

16
14
0.024
0.71
1
22

16
14
0.024
0.71
1
24

16
15
0.024
0.71
1
0

16
15
0.024
0.71
1
2

16
15
0.024
0.71
1
4

16
15
0.024
0.71
1
6

16
15
0.024
0.71
1
8

16
15
0.024
0.71
1
10

16
15
0.024
0.71
1
12

16
15
0.024
0.71
1
14

16
15
0.024
0.71
1
16

16
15
0.024
0.71
1
18

16
15
0.024
0.71
1
20

16
15
0.024
0.71
1
22

16
15
0.024
0.71
1
24

16
16
0.024
0.71
1
0

16
16
0.024
0.71
1
2

16
16
0.024
0.71
1
4

16
16
0.024
0.71
1
6

16
16
0.024
0.71
1
8

16
16
0.024
0.71
1
10

16
16
0.024
0.71
1
12

16
16
0.024
0.71
1
14

16
16
0.024
0.71
1
16

16
16
0.024
0.71
1
18

16
16
0.024
0.71
1
20

16
16
0.024
0.71
1
22

16
16
0.024
0.71
1
24