10
8
0.024
0.71
1
0

10
8
0.024
0.71
1
2

10
8
0.024
0.71
1
4

10
8
0.024
0.71
1
6

10
8
0.024
0.71
1
8

10
8
0.024
0.71
1
10

10
8
0.024
0.71
1
12

10
8
0.024
0.71
1
14

10
8
0.024
0.71
1
16

10
8
0.024
0.71
1
18

10
8
0.024
0.71
1
20

10
8
0.024
0.71
1
22

10
8
0.024
0.71
1
24

10
9
0.024
0.71
1
0

10
9
0.024
0.71
1
2

10
9
0.024
0.71
1
4

10
9
0.024
0.71
1
6

10
9
0.024
0.71
1
8

10
9
0.024
0.71
1
10

10
9
0.024
0.71
1
12

10
9
0.024
0.71
1
14

10
9
0.024
0.71
1
16

10
9
0.024
0.71
1
18

10
9
0.024
0.71
1
20

10
9
0.024
0.71
1
22

10
9
0.024
0.71
1
24

10
10
0.024
0.71
1
0

10
10
0.024
0.71
1
2

10
10
0.024
0.71
1
4

10
10
0.024
0.71
1
6

10
10
0.024
0.71
1
8

10
10
0.024
0.71
1
10

10
10
0.024
0.71
1
12

10
10
0.024
0.71
1
14

10
10
0.024
0.71
1
16

10
10
0.024
0.71
1
18

10
10
0.024
0.71
1
20

10
10
0.024
0.71
1
22

10
10
0.024
0.71
1
24