65536
0.000001
1
65527
1

65536
0.000001
1
65528
1

65536
0.000001
1
65529
1

65536
0.000001
1
65530
1

65536
0.000001
1
65531
1

65536
0.000001
1
65532
1

65536
0.000001
1
65533
1

65536
0.000001
1
65534
1

65536
0.000001
1
65535
1

65536
0.000001
1
65536
1

65536
0.000001
2
65527
1

65536
0.000001
2
65528
1

65536
0.000001
2
65529
1

65536
0.000001
2
65530
1

65536
0.000001
2
65531
1

65536
0.000001
2
65532
1

65536
0.000001
2
65533
1

65536
0.000001
2
65534
1

65536
0.000001
2
65535
1

65536
0.000001
2
65536
1

65536
0.000001
3
65527
1

65536
0.000001
3
65528
1

65536
0.000001
3
65529
1

65536
0.000001
3
65530
1

65536
0.000001
3
65531
1

65536
0.000001
3
65532
1

65536
0.000001
3
65533
1

65536
0.000001
3
65534
1

65536
0.000001
3
65535
1

65536
0.000001
3
65536
1

65536
0.000001
1
65527
10

65536
0.000001
1
65528
10

65536
0.000001
1
65529
10

65536
0.000001
1
65530
10

65536
0.000001
1
65531
10

65536
0.000001
1
65532
10

65536
0.000001
1
65533
10

65536
0.000001
1
65534
10

65536
0.000001
1
65535
10

65536
0.000001
1
65536
10

65536
0.000001
2
65527
10

65536
0.000001
2
65528
10

65536
0.000001
2
65529
10

65536
0.000001
2
65530
10

65536
0.000001
2
65531
10

65536
0.000001
2
65532
10

65536
0.000001
2
65533
10

65536
0.000001
2
65534
10

65536
0.000001
2
65535
10

65536
0.000001
2
65536
10

65536
0.000001
3
65527
10

65536
0.000001
3
65528
10

65536
0.000001
3
65529
10

65536
0.000001
3
65530
10

65536
0.000001
3
65531
10

65536
0.000001
3
65532
10

65536
0.000001
3
65533
10

65536
0.000001
3
65534
10

65536
0.000001
3
65535
10

65536
0.000001
3
65536
10

65536
0.000001
1
65527
100

65536
0.000001
1
65528
100

65536
0.000001
1
65529
100

65536
0.000001
1
65530
100

65536
0.000001
1
65531
100

65536
0.000001
1
65532
100

65536
0.000001
1
65533
100

65536
0.000001
1
65534
100

65536
0.000001
1
65535
100

65536
0.000001
1
65536
100

65536
0.000001
2
65527
100

65536
0.000001
2
65528
100

65536
0.000001
2
65529
100

65536
0.000001
2
65530
100

65536
0.000001
2
65531
100

65536
0.000001
2
65532
100

65536
0.000001
2
65533
100

65536
0.000001
2
65534
100

65536
0.000001
2
65535
100

65536
0.000001
2
65536
100

65536
0.000001
3
65527
100

65536
0.000001
3
65528
100

65536
0.000001
3
65529
100

65536
0.000001
3
65530
100

65536
0.000001
3
65531
100

65536
0.000001
3
65532
100

65536
0.000001
3
65533
100

65536
0.000001
3
65534
100

65536
0.000001
3
65535
100

65536
0.000001
3
65536
100

65536
0.000001
1
65527
1000

65536
0.000001
1
65528
1000

65536
0.000001
1
65529
1000

65536
0.000001
1
65530
1000

65536
0.000001
1
65531
1000

65536
0.000001
1
65532
1000

65536
0.000001
1
65533
1000

65536
0.000001
1
65534
1000

65536
0.000001
1
65535
1000

65536
0.000001
1
65536
1000

65536
0.000001
2
65527
1000

65536
0.000001
2
65528
1000

65536
0.000001
2
65529
1000

65536
0.000001
2
65530
1000

65536
0.000001
2
65531
1000

65536
0.000001
2
65532
1000

65536
0.000001
2
65533
1000

65536
0.000001
2
65534
1000

65536
0.000001
2
65535
1000

65536
0.000001
2
65536
1000

65536
0.000001
3
65527
1000

65536
0.000001
3
65528
1000

65536
0.000001
3
65529
1000

65536
0.000001
3
65530
1000

65536
0.000001
3
65531
1000

65536
0.000001
3
65532
1000

65536
0.000001
3
65533
1000

65536
0.000001
3
65534
1000

65536
0.000001
3
65535
1000

65536
0.000001
3
65536
1000